Training Random Forest...
              precision    recall  f1-score   support

           0       0.95      0.91      0.93       106
           1       0.98      1.00      0.99       125
           2       0.98      0.98      0.98       128
           3       0.95      0.94      0.95       124
           4       0.95      0.95      0.95       131
           5       0.99      0.99      0.99       164
           6       0.97      0.97      0.97       148
           7       0.97      0.99      0.98       142
           8       1.00      0.99      0.99        94
           9       0.93      0.99      0.96        92
          10       0.99      0.98      0.98       131
          11       1.00      0.99      0.99       134
          12       0.89      0.90      0.90        84
          13       0.98      0.98      0.98       126
          14       0.89      0.96      0.93        97
          15       0.91      0.93      0.92        68
          16       1.00      0.90      0.95        30
          17       0.99      0.96      0.97       154
          18       0.96      0.87      0.91        54
          19       0.96      0.96      0.96        95
          20       0.99      0.98      0.98       142
          21       0.95      0.97      0.96       144
          22       0.97      0.96      0.96       138
          23       0.94      0.97      0.96       106
          24       1.00      0.98      0.99       111
          25       0.97      0.98      0.97        98

    accuracy                           0.97      2966
   macro avg       0.96      0.96      0.96      2966
weighted avg       0.97      0.97      0.97      2966

Training Decision Tree...
              precision    recall  f1-score   support

           0       0.90      0.88      0.89       106
           1       0.95      0.99      0.97       125
           2       0.95      0.98      0.96       128
           3       0.91      0.88      0.89       124
           4       0.97      0.91      0.94       131
           5       0.99      0.99      0.99       164
           6       0.89      0.93      0.91       148
           7       0.95      0.96      0.96       142
           8       0.98      0.94      0.96        94
           9       0.91      0.89      0.90        92
          10       0.95      0.95      0.95       131
          11       0.94      0.96      0.95       134
          12       0.87      0.87      0.87        84
          13       0.92      0.97      0.95       126
          14       0.92      0.91      0.91        97
          15       0.79      0.79      0.79        68
          16       0.96      0.80      0.87        30
          17       0.96      0.95      0.95       154
          18       0.75      0.67      0.71        54
          19       0.85      0.91      0.88        95
          20       0.97      0.96      0.96       142
          21       0.94      0.94      0.94       144
          22       0.96      0.95      0.95       138
          23       0.91      0.92      0.92       106
          24       0.95      0.95      0.95       111
          25       0.93      0.95      0.94        98

    accuracy                           0.93      2966
   macro avg       0.92      0.92      0.92      2966
weighted avg       0.93      0.93      0.93      2966

Training SVM...
              precision    recall  f1-score   support

           0       1.00      0.87      0.93       106
           1       0.96      1.00      0.98       125
           2       0.98      0.99      0.99       128
           3       0.89      0.94      0.91       124
           4       0.90      0.94      0.92       131
           5       0.99      0.99      0.99       164
           6       0.97      0.95      0.96       148
           7       0.96      0.99      0.98       142
           8       1.00      0.96      0.98        94
           9       0.90      0.97      0.93        92
          10       1.00      0.98      0.99       131
          11       0.97      0.99      0.98       134
          12       0.95      0.86      0.90        84
          13       0.98      0.98      0.98       126
          14       0.84      0.97      0.90        97
          15       0.84      0.90      0.87        68
          16       0.96      0.90      0.93        30
          17       0.99      0.94      0.97       154
          18       0.96      0.81      0.88        54
          19       0.88      0.96      0.92        95
          20       0.99      0.98      0.98       142
          21       0.93      0.99      0.96       144
          22       1.00      0.92      0.96       138
          23       0.94      0.87      0.90       106
          24       0.98      0.98      0.98       111
          25       0.96      0.99      0.97        98

    accuracy                           0.95      2966
   macro avg       0.95      0.95      0.95      2966
weighted avg       0.96      0.95      0.95      2966

Training KNN...
              precision    recall  f1-score   support

           0       0.93      0.92      0.92       106
           1       0.98      0.99      0.98       125
           2       0.97      0.99      0.98       128
           3       0.90      0.90      0.90       124
           4       0.87      0.98      0.92       131
           5       0.96      0.99      0.98       164
           6       0.97      0.97      0.97       148
           7       0.98      0.99      0.99       142
           8       1.00      0.97      0.98        94
           9       0.90      0.99      0.94        92
          10       1.00      1.00      1.00       131
          11       1.00      0.99      1.00       134
          12       0.93      0.75      0.83        84
          13       0.95      0.95      0.95       126
          14       0.95      0.95      0.95        97
          15       0.95      0.84      0.89        68
          16       1.00      0.93      0.97        30
          17       1.00      0.97      0.98       154
          18       0.90      0.80      0.84        54
          19       0.91      0.97      0.94        95
          20       1.00      0.99      1.00       142
          21       0.95      0.98      0.97       144
          22       0.98      0.95      0.97       138
          23       0.87      0.92      0.89       106
          24       1.00      0.97      0.99       111
          25       0.98      0.98      0.98        98

    accuracy                           0.96      2966
   macro avg       0.96      0.95      0.95      2966
weighted avg       0.96      0.96      0.96      2966

Training GBM...
              precision    recall  f1-score   support

           0       0.95      0.89      0.92       106
           1       0.98      1.00      0.99       125
           2       0.99      0.98      0.98       128
           3       0.97      0.94      0.95       124
           4       0.95      0.95      0.95       131
           5       0.98      0.99      0.98       164
           6       0.93      0.97      0.95       148
           7       0.97      0.99      0.98       142
           8       0.97      0.99      0.98        94
           9       0.93      0.93      0.93        92
          10       0.99      0.96      0.98       131
          11       0.98      0.98      0.98       134
          12       0.89      0.87      0.88        84
          13       0.98      0.98      0.98       126
          14       0.93      0.96      0.94        97
          15       0.81      0.87      0.84        68
          16       0.96      0.83      0.89        30
          17       0.99      0.97      0.98       154
          18       0.81      0.89      0.85        54
          19       0.94      0.95      0.94        95
          20       0.96      0.96      0.96       142
          21       0.95      0.96      0.96       144
          22       0.98      0.95      0.97       138
          23       0.91      0.99      0.95       106
          24       1.00      0.95      0.97       111
          25       0.97      0.97      0.97        98

    accuracy                           0.96      2966
   macro avg       0.95      0.95      0.95      2966
weighted avg       0.96      0.96      0.96      2966

Training Logistic Regression...
              precision    recall  f1-score   support

           0       1.00      0.86      0.92       106
           1       0.97      1.00      0.98       125
           2       0.97      0.98      0.98       128
           3       0.86      0.92      0.89       124
           4       0.85      0.94      0.89       131
           5       0.98      0.99      0.98       164
           6       0.97      0.96      0.96       148
           7       0.98      0.99      0.99       142
           8       0.97      0.98      0.97        94
           9       0.87      0.96      0.91        92
          10       0.95      0.95      0.95       131
          11       0.93      0.99      0.96       134
          12       0.97      0.74      0.84        84
          13       0.87      0.98      0.92       126
          14       0.93      0.89      0.91        97
          15       0.80      0.81      0.80        68
          16       0.86      0.83      0.85        30
          17       0.97      0.91      0.94       154
          18       0.67      0.19      0.29        54
          19       0.76      0.98      0.86        95
          20       0.87      0.96      0.91       142
          21       0.95      0.94      0.94       144
          22       1.00      0.93      0.97       138
          23       0.93      0.86      0.89       106
          24       1.00      0.98      0.99       111
          25       0.95      0.99      0.97        98

    accuracy                           0.93      2966
   macro avg       0.92      0.90      0.90      2966
weighted avg       0.93      0.93      0.92      2966

Training Neural Network...
              precision    recall  f1-score   support

           0       0.97      0.89      0.93       106
           1       0.98      1.00      0.99       125
           2       0.98      0.99      0.98       128
           3       0.97      0.98      0.97       124
           4       0.99      0.97      0.98       131
           5       1.00      0.99      0.99       164
           6       0.98      0.97      0.97       148
           7       0.98      0.99      0.99       142
           8       0.98      0.98      0.98        94
           9       0.95      0.99      0.97        92
          10       1.00      1.00      1.00       131
          11       1.00      0.99      0.99       134
          12       0.90      0.93      0.91        84
          13       0.98      0.98      0.98       126
          14       0.95      0.97      0.96        97
          15       0.92      0.96      0.94        68
          16       0.97      0.93      0.95        30
          17       1.00      0.97      0.98       154
          18       0.93      0.94      0.94        54
          19       0.93      0.98      0.95        95
          20       1.00      0.98      0.99       142
          21       0.99      0.98      0.98       144
          22       0.99      0.99      0.99       138
          23       0.95      0.99      0.97       106
          24       1.00      0.99      1.00       111
          25       0.99      0.98      0.98        98

    accuracy                           0.98      2966
   macro avg       0.97      0.97      0.97      2966
weighted avg       0.98      0.98      0.98      2966

